top = 49.80672
bottom=49.78664
left=5.11993
right=5.15821